100
8183003
4439451
1737777
5499056
8060342
4666622
7085826
8093669
3220227
3820519
512576
1883291
201041
6949530
516274
7404092
4823407
2898642
8761818
1881682
3914971
7722895
8783656
9323789
4173253
1060195
1424072
431593
7754275
6704050
3044771
3340773
9028192
3235899
2559418
2228695
4609166
508360
1157087
7162069
9245231
3014847
4221295
5209802
3444925
1737677
8396602
9808658
4820971
1935891
8014509
2644705
4047313
5515685
4162637
9901473
8054316
3120468
6565963
2626077
7627975
2884214
3146137
9177488
3932460
9910913
4634665
6246520
8641390
2974570
1938035
3774976
5341689
2678329
2087585
8251802
5664932
8367963
4554237
8326992
2204591
9464080
3467915
6459352
1693601
559076
2853802
402153
6145202
8618957
1382302
8731079
6700992
4936848
326867
5331758
4783688
4104091
3433611
8789577